2 0.4671875 0.21953125 0.01328125 0.03046875
3 0.77421875 0.21015625 0.009375 0.0484375
2 0.325 0.234375 0.01953125 0.0515625
2 0.33984375 0.23125 0.01484375 0.046875
2 0.51484375 0.26796875 0.0125 0.0546875
3 0.453125 0.30546875 0.01796875 0.05859375
2 0.75625 0.27109375 0.0140625 0.05859375
2 0.4265625 0.30703125 0.01484375 0.05546875
2 0.64375 0.61953125 0.01796875 0.090625
2 0.62109375 0.30234375 0.01328125 0.06171875
2 0.8046875 0.38125 0.01640625 0.06875
2 0.65546875 0.36796875 0.01328125 0.06796875
2 0.5578125 0.38984375 0.01640625 0.06640625
2 0.22421875 0.3609375 0.01640625 0.06875
2 0.62734375 0.4875 0.01328125 0.075
2 0.2078125 0.328125 0.01328125 0.06875
2 0.38046875 0.40546875 0.01953125 0.06953125
2 0.1796875 0.4265625 0.01875 0.07109375
2 0.12734375 0.6828125 0.02109375 0.08984375
2 0.4421875 0.64921875 0.0234375 0.08359375
2 0.11015625 0.58203125 0.01796875 0.08125
0 0.5125 0.22890625 0.0046875 0.01015625
2 0.51328125 0.21015625 0.0140625 0.04765625