3 0.6421875 0.24921875 0.00703125 0.028125
2 0.4953125 0.2921875 0.009375 0.04140625
2 0.33125 0.33125 0.0109375 0.03828125
3 0.44375 0.35703125 0.01015625 0.046875
2 0.3109375 0.33359375 0.0109375 0.0453125
2 0.390625 0.40390625 0.00859375 0.04921875
2 0.628125 0.684375 0.021875 0.06484375
2 0.27421875 0.38125 0.01015625 0.05078125
2 0.409375 0.396875 0.01484375 0.05
2 0.5453125 0.428125 0.0140625 0.05390625
2 0.23984375 0.428125 0.0125 0.05625
2 0.28671875 0.38671875 0.01171875 0.05078125
3 0.0484375 0.73515625 0.021875 0.078125
2 0.35859375 0.7015625 0.02109375 0.07890625
2 0.69140625 0.37734375 0.01015625 0.05078125
2 0.56171875 0.528125 0.01171875 0.06484375
2 0.5953125 0.44765625 0.01328125 0.053125
2 0.371875 0.55546875 0.0171875 0.065625
2 0.9390625 0.48203125 0.0140625 0.05625
2 0.3546875 0.428125 0.01171875 0.05390625
2 0.14453125 0.63515625 0.01484375 0.06640625
2 0.171875 0.51640625 0.01484375 0.0609375
2 0.51171875 0.60546875 0.01640625 0.06953125
2 0.2234375 0.66796875 0.02265625 0.07109375
0 0.6359375 0.70625 0.00625 0.01171875