2 0.52421875 0.24296875 0.01171875 0.040625
2 0.51796875 0.26015625 0.00859375 0.040625
2 0.4046875 0.30546875 0.00859375 0.040625
3 0.80703125 0.22734375 0.009375 0.03828125
3 0.44140625 0.33515625 0.01015625 0.05390625
2 0.3546875 0.27265625 0.0125 0.04921875
2 0.6109375 0.33828125 0.01015625 0.05703125
2 0.20625 0.43203125 0.01796875 0.06875
2 0.571875 0.29453125 0.0109375 0.053125
2 0.40234375 0.3421875 0.01171875 0.053125
2 0.590625 0.34140625 0.009375 0.0546875
2 0.37109375 0.271875 0.01171875 0.0484375
2 0.253125 0.384375 0.0109375 0.05703125
2 0.921875 0.3890625 0.01015625 0.06171875
2 0.78671875 0.28515625 0.01484375 0.0484375
2 0.21171875 0.55625 0.01953125 0.071875
2 0.23515625 0.44296875 0.0171875 0.05625
2 0.290625 0.346875 0.01796875 0.0609375
2 0.4640625 0.42421875 0.02109375 0.0609375
2 0.3109375 0.70625 0.02109375 0.084375
2 0.76484375 0.37578125 0.015625 0.05859375
2 0.7875 0.56015625 0.01796875 0.0796875
0 0.7796875 0.30703125 0.00546875 0.0125