3 0.6078125 0.24375 0.01015625 0.03125
0 0.8796875 0.50546875 0.00546875 0.01015625
2 0.49921875 0.38984375 0.01796875 0.04453125
2 0.81171875 0.42109375 0.01796875 0.0546875
2 0.13984375 0.45546875 0.01328125 0.059375
2 0.834375 0.47109375 0.02421875 0.053125
2 0.68671875 0.4078125 0.01796875 0.04921875
2 0.16328125 0.63203125 0.01640625 0.07421875
2 0.446875 0.31875 0.01640625 0.0359375
2 0.67109375 0.3484375 0.01796875 0.0390625
2 0.265625 0.4109375 0.0140625 0.0546875
2 0.45625 0.44296875 0.01953125 0.05390625
2 0.36484375 0.3546875 0.01796875 0.04609375
2 0.79921875 0.47109375 0.02421875 0.05703125
2 0.51953125 0.44921875 0.015625 0.05078125
3 0.63359375 0.4859375 0.02421875 0.05546875
2 0.31796875 0.4625 0.0125 0.05625
2 0.4453125 0.515625 0.01796875 0.05703125
2 0.34140625 0.60546875 0.02109375 0.06328125
2 0.29140625 0.49140625 0.01796875 0.06015625
2 0.80546875 0.5515625 0.01640625 0.065625
2 0.825 0.56875 0.02109375 0.06484375
2 0.3359375 0.53359375 0.02265625 0.05625