2 0.33125 0.3078125 0.00859375 0.0359375
3 0.934375 0.22734375 0.01171875 0.03984375
2 0.46953125 0.2625 0.0078125 0.03203125
0 0.42109375 0.30625 0.00703125 0.0109375
2 0.559375 0.22109375 0.0109375 0.03359375
2 0.5015625 0.28203125 0.01171875 0.04453125
2 0.628125 0.309375 0.01015625 0.04921875
2 0.478125 0.396875 0.01640625 0.05
2 0.740625 0.246875 0.00859375 0.04453125
1 0.12265625 0.28828125 0.01171875 0.05078125
2 0.77890625 0.24375 0.00859375 0.04140625
3 0.51796875 0.31328125 0.01171875 0.0484375
2 0.77421875 0.29921875 0.009375 0.0484375
2 0.53671875 0.23046875 0.01640625 0.0390625
2 0.459375 0.3046875 0.01484375 0.0484375
2 0.85 0.32578125 0.0109375 0.046875
2 0.93984375 0.2890625 0.01171875 0.0484375
2 0.57734375 0.34453125 0.01796875 0.04921875
2 0.325 0.3390625 0.0125 0.05703125
2 0.76796875 0.36640625 0.01328125 0.05703125
2 0.275 0.35390625 0.01328125 0.05546875
2 0.7015625 0.33046875 0.01953125 0.0453125
2 0.91640625 0.48203125 0.021875 0.065625
2 0.19765625 0.65 0.03046875 0.07421875