1 0.78671875 0.3390625 0.00859375 0.03671875
2 0.5671875 0.3125 0.00859375 0.0359375
2 0.56171875 0.32421875 0.00703125 0.02890625
2 0.65390625 0.33125 0.01015625 0.0390625
2 0.684375 0.3390625 0.009375 0.034375
2 0.6484375 0.35859375 0.01015625 0.03828125
2 0.58125 0.36328125 0.0109375 0.0390625
2 0.271875 0.34375 0.0078125 0.0390625
2 0.69921875 0.34140625 0.00859375 0.03828125
2 0.71015625 0.37734375 0.009375 0.04140625
2 0.72109375 0.36796875 0.00859375 0.04140625
2 0.4109375 0.35390625 0.0109375 0.04453125
2 0.503125 0.33984375 0.0078125 0.03671875
3 0.53046875 0.36171875 0.01171875 0.040625
2 0.47109375 0.36640625 0.00859375 0.04375
2 0.10546875 0.38203125 0.00703125 0.0453125
2 0.14921875 0.365625 0.01328125 0.04140625
2 0.1 0.4484375 0.01640625 0.059375
2 0.13984375 0.4640625 0.01015625 0.06015625
2 0.13515625 0.48984375 0.015625 0.06484375
2 0.6328125 0.3171875 0.0109375 0.025
2 0.6234375 0.3140625 0.01171875 0.03125
0 0.6171875 0.3265625 0.003125 0.00703125
3 0.5625 0.27265625 0.00703125 0.02734375