2 0.45546875 0.459375 0.0109375 0.03359375
2 0.25234375 0.42578125 0.00703125 0.03515625
2 0.3203125 0.5390625 0.01171875 0.03984375
2 0.23984375 0.4390625 0.00859375 0.034375
2 0.3171875 0.5046875 0.00859375 0.0390625
2 0.51328125 0.478125 0.009375 0.04296875
3 0.36953125 0.4875 0.01015625 0.04375
2 0.31484375 0.57109375 0.009375 0.05546875
2 0.534375 0.52109375 0.01484375 0.03984375
2 0.51484375 0.52421875 0.01015625 0.04375
2 0.7546875 0.553125 0.01015625 0.0484375
1 0.85234375 0.4890625 0.01171875 0.04453125
2 0.19296875 0.58125 0.01015625 0.05390625
2 0.22109375 0.4921875 0.00859375 0.04375
2 0.14453125 0.61796875 0.0171875 0.0609375
2 0.33515625 0.71953125 0.01484375 0.06171875
2 0.19765625 0.6671875 0.01484375 0.06171875
2 0.66171875 0.46953125 0.0078125 0.04140625
2 0.5421875 0.61171875 0.01484375 0.05546875
2 0.62734375 0.71015625 0.02109375 0.06328125
3 0.06015625 0.82578125 0.02265625 0.08359375
0 0.69296875 0.52890625 0.00703125 0.0125
3 0.584375 0.37578125 0.0078125 0.02890625
2 0.4625 0.40390625 0.00859375 0.0328125
2 0.4078125 0.4375 0.01015625 0.03828125