0 0.32578125 0.45078125 0.00625 0.0109375
2 0.6953125 0.24140625 0.00859375 0.03984375
2 0.5953125 0.34375 0.01328125 0.0546875
2 0.47265625 0.30703125 0.0109375 0.0484375
2 0.7453125 0.309375 0.01015625 0.0484375
2 0.3265625 0.27109375 0.01484375 0.046875
2 0.2859375 0.4765625 0.02890625 0.065625
2 0.7234375 0.40078125 0.0140625 0.06640625
2 0.3125 0.428125 0.01796875 0.0609375
2 0.5328125 0.41484375 0.01484375 0.06328125
3 0.65546875 0.45078125 0.0140625 0.071875
2 0.25859375 0.38046875 0.0171875 0.0609375
2 0.49453125 0.3609375 0.01875 0.05546875
2 0.04921875 0.41796875 0.01484375 0.06875
2 0.81796875 0.4046875 0.0140625 0.0703125
2 0.87265625 0.54921875 0.02265625 0.0890625
2 0.23359375 0.4875 0.0296875 0.0734375
2 0.47734375 0.540625 0.0171875 0.084375
2 0.67421875 0.66953125 0.034375 0.10390625
2 0.50390625 0.76796875 0.03359375 0.11328125
2 0.815625 0.69140625 0.03046875 0.10078125
2 0.3921875 0.55546875 0.02578125 0.0859375
3 0.7296875 0.225 0.01015625 0.04296875